# obs, w.r.t 139.256 GHz; rest, w.r.t z=0.65406; channel
# for Table 3
    86.113   346.399  <-> channel 126
    64.584   324.910
    43.056   303.361
    21.528   281.871
     0.000   260.382
   -21.528   238.852   <-> channel 131
   -43.056   217.343
   -64.584   195.854
   -86.113   174.324
  -107.641   152.815 <---> chan 135
  -129.169   131.326 <-> chan 136
  -150.697   109.796
  -172.225    88.287
  -193.753    66.797
  -215.282    45.268 <-> 140
  -236.810    23.779 <-> 141
  -258.338     2.230
  -279.866   -19.260
  -301.394   -40.749
  -322.922   -62.279 <-> 145
  -344.450   -83.788 <-> 146
  -365.979  -105.277
  -387.507  -126.807
  -409.035  -148.316
  -430.563  -169.806 <->150
  -452.091  -191.335 <-> 151
  -473.619  -212.844 
  -495.148  -234.373
  -516.676  -255.863
  -538.204  -277.352 <-> 155
  -559.732  -298.901 <-> 156
  -581.260  -320.391
  -602.788  -341.880
  -624.316  -363.410
  -645.845  -384.919
